The total number of sunspots for each year:
1749 973
1750 999
1751 573
1752 574
1753 369
1754 147
1755 116
1756 122
1757 390
1758 572
1759 647
1760 755
1761 1031
1762 735
1763 542
1764 436
1765 251
1766 137
1767 454
1768 840
1769 1273
1770 1209
1771 981
1772 798
1773 417
1774 369
1775 84
1776 238
1777 1111
1778 1852
1779 1512
1780 1018
1781 818
1782 462
1783 274
1784 122
1785 289
1786 995
1787 1584
1788 1572
1789 1418
1790 1078
1791 800
1792 721
1793 563
1794 492
1795 257
1796 193
1797 76
1798 49
1799 83
1800 175
1801 409
1802 542
1803 516
1804 569
1805 507
1806 338
1807 122
1808 100
1809 30
1810 0
1811 17
1812 60
1813 146
1814 168
1815 426
1816 550
1817 492
1818 361
1819 289
1820 188
1821 80
1822 49
1823 22
1824 103
1825 201
1826 437
1827 595
1828 769
1829 804
1830 850
1831 574
1832 331
1833 104
1834 161
1835 685
1836 1458
1837 1661
1838 1240
1839 1031
1840 777
1841 443
1842 292
1843 130
1844 182
1845 482
1846 739
1847 1182
1848 1497
1849 1158
1850 800
1851 775
1852 648
1853 469
1854 248
1855 78
1856 53
1857 272
1858 658
1859 1127
1860 1149
1861 928
1862 711
1863 529
1864 566
1865 368
1866 197
1867 89
1868 453
1869 888
1870 1668
1871 1333
1872 1221
1873 794
1874 535
1875 207
1876 135
1877 149
1878 41
1879 72
1880 388
1881 652
1882 715
1883 766
1884 764
1885 626
1886 305
1887 156
1888 82
1889 75
1890 86
1891 429
1892 877
1893 1022
1894 937
1895 769
1896 502
1897 314
1898 320
1899 147
1900 113
1901 34
1902 60
1903 294
1904 505
1905 763
1906 648
1907 744
1908 585
1909 527
1910 222
1911 69
1912 43
1913 18
1914 114
1915 571
1916 686
1917 1247
1918 967
1919 765
1920 452
1921 314
1922 172
1923 71
1924 202
1925 534
1926 769
1927 829
1928 934
1929 778
1930 429
1931 255
1932 134
1933 67
1934 104
1935 433
1936 956
1937 1374
1938 1315
1939 1065
1940 814
1941 571
1942 368
1943 195
1944 116
1945 399
1946 1111
1947 1819
1948 1635
1949 1623
1950 1007
1951 835
1952 376
1953 169
1954 54
1955 457
1956 1701
1957 2278
1958 2216
1959 1905
1960 1348
1961 647
1962 452
1963 334
1964 123
1965 182
1966 561
1967 1125
1968 1270
1969 1268
1970 1260
1971 800
1972 828
1973 456
1974 414
1975 186
1976 150
1977 330
1978 1113
1979 1863
1980 1855
1981 1686
1982 1396
1983 799
1984 551
1985 216
1986 161
1987 351
1988 1200
1989 1894
1990 1706
1991 1749
1992 1136
1993 656
1994 360
1995 211
1996 104
1997 260
1998 771
1999 1120
2000 1436
2001 1334
2002 1250
2003 764
2004 486
2005 60
 
The twelve monthly averages:
01 50.6848
02 52.7082
03 51.7344
04 52.4336
05 53.6836
06 53.332
07 53.418
08 54.0117
09 53.4805
10 53.7148
11 52.2734
12 53.0391
